Making all in ViennaRNA
Making all in static
Making all in plotting/naview
  CC       duplex.lo
  CXXLD    libRNA_conv.la
  CXXLD    libRNA.la
  GEN      libRNA.a
Making all in bin
  CCLD     RNAfold
  CCLD     RNAeval
  CCLD     RNAheat
  CCLD     RNApdist
  CCLD     RNAdistance
  CCLD     RNAinverse
  CCLD     RNAplot
  CCLD     RNAsubopt
  CCLD     RNALfold
  CCLD     RNAcofold
  CCLD     RNApaln
  CCLD     RNAduplex
  CCLD     RNAalifold
  CCLD     RNAplfold
  CCLD     RNAup
  CCLD     RNAaliduplex
  CCLD     RNALalifold
  CCLD     RNA2Dfold
  CCLD     RNAparconv
  CCLD     RNAPKplex
  CCLD     RNAplex
  CCLD     RNAsnoop
  CCLD     RNApvmin
  CCLD     RNAdos
  CCLD     RNAmultifold
Making all in Utils
  CCLD     b2ct
  CCLD     popt
  CCLD     ct2db
>NM_024615
>hsa-miR-145
10000000,10000000,10000000,410,410,10000000,10000000,10000000,10000000,10000000,10000000,10000000,10000000,410,10000000,10000000,10000000,10000000,410,10000000,410,410,10000000,10000000,410,10000000,10000000,10000000,10000000,10000000,10000000,10000000,10000000,410,10000000,10000000,10000000,10000000,10000000,410,410,10000000,10000000,410,10000000,10000000,10000000,10000000,10000000,10000000,10000000,10000000,410,10000000,10000000,10000000,10000000,10000000,10000000,10000000,410,410,10000000,10000000,10000000,10000000,10000000,10000000,10000000,10000000,410,10000000,10000000,10000000,10000000,410,10000000,10000000,10000000,410,410,10000000,10000000,10000000,10000000,10000000,10000000,10000000,10000000,410,10000000,10000000,10000000,10000000,410,10000000,410,410,10000000,10000000,410,10000000,10000000,10000000,10000000,10000000,10000000,10000000,10000000,410,10000000,10000000,10000000,10000000,10000000,10000000,10000000,410,410,10000000,10000000,10000000,10000000,10000000,10000000,10000000,10000000,410,10000000,10000000,10000000,10000000,410,10000000,10000000,10000000,10000000,10000000,10000000,410,410,410,10000000,10000000,10000000,10000000,10000000,10000000,410,410,10000000,10000000,10000000,10000000,10000000,10000000,10000000,10000000,410,410,410,10000000,10000000,10000000,10000000,10000000,10000000,410,410,10000000,10000000,10000000,10000000,10000000,10000000,10000000,10000000,410,410,410,10000000,10000000,10000000,10000000,10000000,10000000,410,410,10000000,10000000,10000000,410,410,10000000,10000000,410,10000000,10000000,10000000,10000000,10000000,10000000,10000000,10000000,410,10000000,10000000,10000000,10000000,10000000,410,410,10000000,10000000,410,10000000,10000000,10000000,10000000,10000000,10000000,10000000,10000000,410,10000000,10000000,10000000,10000000,10000000,10000000,10000000,410,410,10000000,10000000,10000000,10000000,10000000,10000000,10000000,10000000,410,10000000,10000000,10000000,10000000,410,410,10000000,10000000,10000000,10000000,10000000,10000000,10000000,10000000,410,410,410,410,10000000,10000000,10000000,10000000,410,10000000,410,10000000,10000000,10000000,10000000,10000000,10000000,10000000,10000000,410,410,410,410,10000000,10000000,10000000,10000000,410,10000000,410,10000000,10000000,10000000,10000000,10000000,10000000,10000000,10000000,410,410,410,410,10000000,10000000,10000000,10000000,410,10000000,10000000,10000000,10000000,10000000,10000000,10000000,410,410,410,10000000,10000000,10000000,10000000,10000000,10000000,410,410,10000000,10000000,10000000,10000000,10000000,410,410,10000000,10000000,10000000,10000000,10000000,10000000,10000000,10000000,410,10000000,10000000,10000000,10000000,410,10000000,410,410,10000000,10000000,410,10000000,10000000,10000000,10000000,10000000,10000000,10000000,10000000,410,10000000,10000000,10000000,10000000,10000000,10000000,10000000,10000000,10000000,10000000,410,410,410,10000000,10000000,10000000,10000000,10000000,10000000,410,410,10000000,10000000,10000000,10000000,10000000,10000000,10000000,10000000,410,410,410,10000000,10000000,10000000,10000000,10000000,10000000,410,410,10000000,10000000,410,10000000,10000000,10000000,10000000,10000000,10000000,10000000,10000000,410,410,410,410,10000000,10000000,10000000,10000000,410,10000000,10000000,410,410,10000000,10000000,410,10000000,10000000,10000000,10000000,10000000,10000000,10000000,10000000,410,10000000,10000000,10000000,10000000,10000000,410,410,10000000,10000000,410,10000000,10000000,10000000,10000000,10000000,10000000,10000000,10000000,410,10000000,10000000,10000000,10000000,.(((((.(((...(((.(((((.&.)))))))).)))))))).   1,23  :   1,19  (-17.00)
.(((((.(((.&.)))))))).   1,11  :  10,19  (-10.50)
10000000,10000000,10000000,410,410,10000000,10000000,10000000,10000000,10000000,10000000,10000000,10000000,410,10000000,10000000,10000000,10000000,410,10000000,410,410,10000000,10000000,410,10000000,10000000,10000000,10000000,10000000,10000000,10000000,10000000,410,10000000,10000000,10000000,10000000,10000000,410,410,10000000,10000000,410,10000000,10000000,10000000,10000000,10000000,10000000,10000000,10000000,410,10000000,10000000,10000000,10000000,10000000,10000000,10000000,410,410,10000000,10000000,10000000,10000000,10000000,10000000,10000000,10000000,410,10000000,10000000,10000000,10000000,410,10000000,10000000,10000000,410,410,10000000,10000000,10000000,10000000,10000000,10000000,10000000,10000000,410,10000000,10000000,10000000,10000000,410,10000000,410,410,10000000,10000000,410,10000000,10000000,10000000,10000000,10000000,10000000,10000000,10000000,410,10000000,10000000,10000000,10000000,10000000,10000000,10000000,410,410,10000000,10000000,10000000,10000000,10000000,10000000,10000000,10000000,410,10000000,10000000,10000000,10000000,410,10000000,10000000,10000000,10000000,10000000,10000000,410,410,410,10000000,10000000,10000000,10000000,10000000,10000000,410,410,10000000,10000000,10000000,10000000,10000000,10000000,10000000,10000000,410,410,410,10000000,10000000,10000000,10000000,10000000,10000000,410,410,10000000,10000000,10000000,10000000,10000000,10000000,10000000,10000000,410,410,410,10000000,10000000,10000000,10000000,10000000,10000000,410,410,10000000,10000000,10000000,410,410,10000000,10000000,410,10000000,10000000,10000000,10000000,10000000,10000000,10000000,10000000,410,10000000,10000000,10000000,10000000,10000000,410,410,10000000,10000000,410,10000000,10000000,10000000,10000000,10000000,10000000,10000000,10000000,410,10000000,10000000,10000000,10000000,10000000,10000000,10000000,410,410,10000000,10000000,10000000,10000000,10000000,10000000,10000000,10000000,410,10000000,10000000,10000000,10000000,410,410,10000000,10000000,10000000,10000000,10000000,10000000,10000000,10000000,410,410,410,410,10000000,10000000,10000000,10000000,410,10000000,410,10000000,10000000,10000000,10000000,10000000,10000000,10000000,10000000,410,410,410,410,10000000,10000000,10000000,10000000,410,10000000,410,10000000,10000000,10000000,10000000,10000000,10000000,10000000,10000000,410,410,410,410,10000000,10000000,10000000,10000000,410,10000000,10000000,10000000,10000000,10000000,10000000,10000000,410,410,410,10000000,10000000,10000000,10000000,10000000,10000000,410,410,10000000,10000000,10000000,10000000,10000000,410,410,10000000,10000000,10000000,10000000,10000000,10000000,10000000,10000000,410,10000000,10000000,10000000,10000000,410,10000000,410,410,10000000,10000000,410,10000000,10000000,10000000,10000000,10000000,10000000,10000000,10000000,410,10000000,10000000,10000000,10000000,10000000,10000000,10000000,10000000,10000000,10000000,410,410,410,10000000,10000000,10000000,10000000,10000000,10000000,410,410,10000000,10000000,10000000,10000000,10000000,10000000,10000000,10000000,410,410,410,10000000,10000000,10000000,10000000,10000000,10000000,410,410,10000000,10000000,410,10000000,10000000,10000000,10000000,10000000,10000000,10000000,10000000,410,410,410,410,10000000,10000000,10000000,10000000,410,10000000,10000000,410,410,10000000,10000000,410,10000000,10000000,10000000,10000000,10000000,10000000,10000000,10000000,410,10000000,10000000,10000000,10000000,10000000,410,410,10000000,10000000,410,10000000,10000000,10000000,10000000,10000000,10000000,10000000,10000000,410,10000000,10000000,10000000,10000000,.&.
100000
